EPSG:4326
IMG_000001.JPG 77.0738157 42.6398862 1621.30
IMG_000002.JPG 77.0738155 42.6398847 1621.30
IMG_000003.JPG 77.0738180 42.6398790 1621.00
IMG_000004.JPG 77.0738180 42.6398790 1621.00
IMG_000005.JPG 77.0738190 42.6398767 1621.00
IMG_000006.JPG 77.0738185 42.6398747 1621.10
IMG_000007.JPG 77.0738158 42.6398745 1621.10
IMG_000008.JPG 77.0738078 42.6398728 1621.10
IMG_000009.JPG 77.0738058 42.6398720 1621.10
IMG_000010.JPG 77.0737907 42.6398627 1621.20
IMG_000011.JPG 77.0737903 42.6398628 1621.20
IMG_000012.JPG 77.0737912 42.6398633 1621.10
IMG_000013.JPG 77.0737923 42.6398640 1620.90
IMG_000014.JPG 77.0737935 42.6398635 1620.80
IMG_000015.JPG 77.0737930 42.6398817 1620.00
IMG_000016.JPG 77.0737938 42.6398783 1620.00
IMG_000017.JPG 77.0737943 42.6398785 1620.00
IMG_000018.JPG 77.0737927 42.6398822 1620.10
IMG_000019.JPG 77.0737952 42.6398815 1620.30
IMG_000020.JPG 77.0737920 42.6398822 1620.30
IMG_000021.JPG 77.0737875 42.6398838 1620.40
IMG_000022.JPG 77.0737865 42.6398817 1620.60
IMG_000023.JPG 77.0737835 42.6398820 1620.60
IMG_000024.JPG 77.0737798 42.6398802 1620.60
IMG_000025.JPG 77.0737725 42.6398760 1620.60
IMG_000026.JPG 77.0737725 42.6398760 1620.60
IMG_000027.JPG 77.0737697 42.6398767 1620.60
IMG_000028.JPG 77.0737678 42.6398755 1620.70
IMG_000029.JPG 77.0737618 42.6398720 1620.60
IMG_000030.JPG 77.0737598 42.6398688 1620.60
IMG_000031.JPG 77.0737572 42.6398687 1620.50
IMG_000032.JPG 77.0737562 42.6398665 1620.50
IMG_000033.JPG 77.0737567 42.6398627 1620.50
IMG_000034.JPG 77.0737540 42.6398602 1620.50
IMG_000035.JPG 77.0737547 42.6398570 1620.50
IMG_000036.JPG 77.0737548 42.6398548 1620.50
IMG_000037.JPG 77.0737527 42.6398523 1620.60
IMG_000038.JPG 77.0737507 42.6398557 1620.60
IMG_000039.JPG 77.0737525 42.6398543 1620.70
IMG_000040.JPG 77.0737553 42.6398535 1620.80
IMG_000041.JPG 77.0737590 42.6398518 1620.70
IMG_000042.JPG 77.0737557 42.6398522 1620.50
IMG_000043.JPG 77.0737632 42.6398415 1620.30
IMG_000044.JPG 77.0737617 42.6398390 1620.30
IMG_000045.JPG 77.0737595 42.6398325 1620.40
IMG_000046.JPG 77.0737622 42.6398305 1620.40
IMG_000047.JPG 77.0737622 42.6398305 1620.40
IMG_000048.JPG 77.0737662 42.6398292 1620.40
IMG_000049.JPG 77.0737628 42.6398313 1620.30
IMG_000050.JPG 77.0737597 42.6398313 1620.30
IMG_000051.JPG 77.0737568 42.6398322 1620.10
IMG_000052.JPG 77.0737565 42.6398327 1620.00
IMG_000053.JPG 77.0737545 42.6398328 1619.90
IMG_000054.JPG 77.0737505 42.6398327 1619.80
IMG_000055.JPG 77.0737492 42.6398315 1619.70
IMG_000056.JPG 77.0737490 42.6398328 1619.70
IMG_000057.JPG 77.0737478 42.6398303 1619.60
IMG_000058.JPG 77.0737478 42.6398302 1619.40
IMG_000059.JPG 77.0737478 42.6398302 1619.40
IMG_000060.JPG 77.0737508 42.6398263 1619.30
IMG_000061.JPG 77.0737512 42.6398248 1619.30
IMG_000062.JPG 77.0737523 42.6398213 1619.20
IMG_000063.JPG 77.0737512 42.6398202 1619.20
IMG_000064.JPG 77.0737528 42.6398067 1619.10
IMG_000065.JPG 77.0737528 42.6398067 1619.10
IMG_000066.JPG 77.0737533 42.6398068 1619.10
IMG_000067.JPG 77.0737533 42.6398068 1619.10
IMG_000068.JPG 77.0737623 42.6398070 1618.90
IMG_000069.JPG 77.0737527 42.6398052 1619.00
IMG_000070.JPG 77.0737447 42.6398037 1618.90
IMG_000071.JPG 77.0737447 42.6398037 1618.90
IMG_000072.JPG 77.0737442 42.6398010 1618.90
IMG_000073.JPG 77.0737442 42.6398010 1618.80
IMG_000074.JPG 77.0737423 42.6397835 1618.90
IMG_000075.JPG 77.0737478 42.6397762 1618.90
IMG_000076.JPG 77.0737488 42.6397767 1618.90
IMG_000077.JPG 77.0737488 42.6397767 1619.00
IMG_000078.JPG 77.0737507 42.6397737 1619.00
IMG_000079.JPG 77.0737533 42.6397723 1618.90
IMG_000080.JPG 77.0737533 42.6397723 1618.90
IMG_000081.JPG 77.0737550 42.6397683 1618.80
IMG_000082.JPG 77.0737550 42.6397683 1618.80
IMG_000083.JPG 77.0737493 42.6397672 1618.60
IMG_000084.JPG 77.0737473 42.6397690 1618.50
IMG_000085.JPG 77.0737458 42.6397680 1618.50
IMG_000086.JPG 77.0737453 42.6397662 1618.50
IMG_000087.JPG 77.0737420 42.6397673 1618.30
IMG_000088.JPG 77.0737420 42.6397673 1618.30
IMG_000089.JPG 77.0737458 42.6397628 1618.20
IMG_000090.JPG 77.0737462 42.6397598 1618.20
IMG_000091.JPG 77.0737382 42.6397617 1618.10
IMG_000092.JPG 77.0737355 42.6397575 1618.40
IMG_000093.JPG 77.0737333 42.6397572 1618.50
IMG_000094.JPG 77.0737340 42.6397553 1618.30
IMG_000095.JPG 77.0737352 42.6397488 1618.30
IMG_000096.JPG 77.0737352 42.6397488 1618.20
IMG_000097.JPG 77.0737280 42.6397465 1618.00
IMG_000098.JPG 77.0737327 42.6397423 1618.00
IMG_000099.JPG 77.0737267 42.6397487 1617.30
IMG_000100.JPG 77.0737435 42.6397365 1616.90
IMG_000101.JPG 77.0737435 42.6397365 1616.90
IMG_000102.JPG 77.0737488 42.6397328 1616.90
IMG_000103.JPG 77.0737487 42.6397285 1616.90
IMG_000104.JPG 77.0737470 42.6397268 1616.90
IMG_000105.JPG 77.0737465 42.6397237 1617.00
IMG_000106.JPG 77.0737483 42.6397198 1616.90
IMG_000107.JPG 77.0737482 42.6397172 1616.90
IMG_000108.JPG 77.0737452 42.6397150 1617.00
IMG_000109.JPG 77.0737468 42.6397105 1617.00
IMG_000110.JPG 77.0737473 42.6397077 1616.80
IMG_000111.JPG 77.0737440 42.6397092 1616.70
IMG_000112.JPG 77.0737433 42.6397075 1616.60
IMG_000113.JPG 77.0737442 42.6397045 1616.50
IMG_000114.JPG 77.0737433 42.6397037 1616.50
IMG_000115.JPG 77.0737405 42.6397013 1616.50
IMG_000116.JPG 77.0737368 42.6397000 1616.40
IMG_000117.JPG 77.0737438 42.6396947 1616.40
IMG_000118.JPG 77.0737458 42.6396920 1616.30
IMG_000119.JPG 77.0737497 42.6396903 1616.20
IMG_000120.JPG 77.0737490 42.6396907 1616.20
IMG_000121.JPG 77.0737533 42.6396875 1616.10
IMG_000122.JPG 77.0737782 42.6396670 1616.20
IMG_000123.JPG 77.0737625 42.6396783 1616.30
IMG_000124.JPG 77.0737615 42.6396770 1616.30
IMG_000125.JPG 77.0737615 42.6396770 1616.20
IMG_000126.JPG 77.0737695 42.6396713 1616.20
IMG_000127.JPG 77.0737695 42.6396713 1616.20
IMG_000128.JPG 77.0737730 42.6396710 1616.10
IMG_000129.JPG 77.0737758 42.6396698 1616.10
IMG_000130.JPG 77.0737758 42.6396698 1616.10
IMG_000131.JPG 77.0737765 42.6396757 1616.10
IMG_000132.JPG 77.0737765 42.6396757 1616.10
IMG_000133.JPG 77.0737782 42.6396800 1616.10
IMG_000134.JPG 77.0737818 42.6396805 1616.10
IMG_000135.JPG 77.0737838 42.6396825 1616.00
IMG_000136.JPG 77.0737822 42.6396867 1616.00
IMG_000137.JPG 77.0737822 42.6396953 1616.00
IMG_000138.JPG 77.0737822 42.6396953 1615.90
IMG_000139.JPG 77.0737848 42.6396980 1615.90
IMG_000140.JPG 77.0737848 42.6396980 1615.90
IMG_000141.JPG 77.0737835 42.6397045 1615.90
IMG_000142.JPG 77.0737835 42.6397082 1615.80
IMG_000143.JPG 77.0737817 42.6397175 1615.80
IMG_000144.JPG 77.0737848 42.6397212 1615.80
IMG_000145.JPG 77.0737848 42.6397212 1615.80
IMG_000146.JPG 77.0737818 42.6397275 1615.80
IMG_000147.JPG 77.0737828 42.6397277 1615.90
IMG_000148.JPG 77.0737865 42.6397243 1615.90
IMG_000149.JPG 77.0737865 42.6397243 1615.90
IMG_000150.JPG 77.0737912 42.6397285 1615.90
IMG_000151.JPG 77.0737923 42.6397317 1615.90
IMG_000152.JPG 77.0737923 42.6397317 1616.00
IMG_000153.JPG 77.0737917 42.6397373 1616.00
IMG_000154.JPG 77.0737932 42.6397435 1616.00
IMG_000155.JPG 77.0737932 42.6397435 1616.00
IMG_000156.JPG 77.0737960 42.6397482 1616.00
IMG_000157.JPG 77.0737960 42.6397482 1616.00
IMG_000158.JPG 77.0737963 42.6397535 1615.90
IMG_000159.JPG 77.0737968 42.6397547 1615.90
IMG_000160.JPG 77.0737967 42.6397592 1615.90
IMG_000161.JPG 77.0737977 42.6397632 1615.80
IMG_000162.JPG 77.0737975 42.6397683 1615.70
IMG_000163.JPG 77.0737947 42.6397717 1615.70
IMG_000164.JPG 77.0737928 42.6397735 1615.70
IMG_000165.JPG 77.0738002 42.6397715 1615.70
IMG_000166.JPG 77.0738002 42.6397715 1615.70
IMG_000167.JPG 77.0737985 42.6397768 1615.70
IMG_000168.JPG 77.0738033 42.6397803 1615.70
IMG_000169.JPG 77.0738090 42.6397867 1615.70
IMG_000170.JPG 77.0738075 42.6397945 1615.70
IMG_000171.JPG 77.0738080 42.6397973 1615.60
IMG_000172.JPG 77.0738080 42.6397967 1615.60
IMG_000173.JPG 77.0738080 42.6398048 1615.60
IMG_000174.JPG 77.0738078 42.6398083 1615.60
IMG_000175.JPG 77.0738108 42.6398080 1615.60
IMG_000176.JPG 77.0738135 42.6398067 1615.60
IMG_000177.JPG 77.0738150 42.6398082 1615.60
IMG_000178.JPG 77.0738192 42.6398090 1615.60
IMG_000179.JPG 77.0738205 42.6398117 1615.50
IMG_000180.JPG 77.0738237 42.6398125 1615.50
IMG_000181.JPG 77.0738265 42.6398143 1615.40
IMG_000182.JPG 77.0738295 42.6398160 1615.40
IMG_000183.JPG 77.0738312 42.6398178 1615.40
IMG_000184.JPG 77.0738312 42.6398178 1615.40
IMG_000185.JPG 77.0738332 42.6398255 1615.40
IMG_000186.JPG 77.0738367 42.6398270 1615.30
IMG_000187.JPG 77.0738392 42.6398328 1615.30
IMG_000188.JPG 77.0738392 42.6398328 1615.30
IMG_000189.JPG 77.0738390 42.6398337 1615.30
IMG_000190.JPG 77.0738347 42.6398332 1615.40
IMG_000191.JPG 77.0738347 42.6398332 1615.40
IMG_000192.JPG 77.0738260 42.6398428 1615.50
IMG_000193.JPG 77.0738215 42.6398460 1615.50
IMG_000194.JPG 77.0738215 42.6398460 1615.50
IMG_000195.JPG 77.0738163 42.6398527 1615.60
IMG_000196.JPG 77.0738178 42.6398505 1615.60
IMG_000197.JPG 77.0738197 42.6398523 1615.60
IMG_000198.JPG 77.0738138 42.6398550 1615.70
IMG_000199.JPG 77.0738138 42.6398550 1615.70
IMG_000200.JPG 77.0738140 42.6398578 1615.80
IMG_000201.JPG 77.0738140 42.6398578 1615.80
IMG_000202.JPG 77.0738202 42.6398565 1615.90
IMG_000203.JPG 77.0738202 42.6398565 1615.90
IMG_000204.JPG 77.0738200 42.6398562 1615.90
IMG_000205.JPG 77.0738200 42.6398562 1616.00
IMG_000206.JPG 77.0738160 42.6398587 1616.10
IMG_000207.JPG 77.0738137 42.6398658 1616.20
IMG_000208.JPG 77.0738135 42.6398730 1616.30
