EPSG:4326
IMG_000001.JPG 77.0738235 42.6399110 1616.80
IMG_000002.JPG 77.0738237 42.6399098 1616.80
IMG_000003.JPG 77.0738230 42.6399092 1617.00
IMG_000004.JPG 77.0738233 42.6399065 1616.90
IMG_000005.JPG 77.0738222 42.6399040 1616.90
IMG_000006.JPG 77.0738203 42.6399002 1616.90
IMG_000007.JPG 77.0738183 42.6398977 1616.80
IMG_000008.JPG 77.0738120 42.6398967 1616.70
IMG_000009.JPG 77.0738055 42.6398953 1616.70
IMG_000010.JPG 77.0737998 42.6398880 1616.70
IMG_000011.JPG 77.0737975 42.6398857 1616.70
IMG_000012.JPG 77.0737915 42.6398837 1616.70
IMG_000013.JPG 77.0738192 42.6399365 1614.10
IMG_000014.JPG 77.0738180 42.6399365 1614.30
IMG_000015.JPG 77.0738197 42.6399327 1614.30
IMG_000016.JPG 77.0738235 42.6399263 1614.30
IMG_000017.JPG 77.0738227 42.6399178 1614.30
IMG_000018.JPG 77.0738217 42.6399113 1614.30
IMG_000019.JPG 77.0738183 42.6399073 1614.30
IMG_000020.JPG 77.0738133 42.6399048 1614.30
IMG_000021.JPG 77.0738092 42.6399002 1614.30
IMG_000022.JPG 77.0738035 42.6398920 1614.40
IMG_000023.JPG 77.0738000 42.6398877 1614.40
IMG_000024.JPG 77.0737972 42.6398840 1614.40
IMG_000025.JPG 77.0737907 42.6398827 1614.40
IMG_000026.JPG 77.0737793 42.6398825 1614.30
IMG_000027.JPG 77.0737715 42.6398832 1614.30
IMG_000028.JPG 77.0737607 42.6398790 1614.20
IMG_000029.JPG 77.0737545 42.6398793 1614.20
IMG_000030.JPG 77.0737508 42.6398792 1614.10
IMG_000031.JPG 77.0737440 42.6398803 1614.10
IMG_000032.JPG 77.0737447 42.6398747 1614.10
IMG_000033.JPG 77.0737515 42.6398660 1614.10
IMG_000034.JPG 77.0737568 42.6398578 1614.10
IMG_000035.JPG 77.0737562 42.6398550 1614.10
IMG_000036.JPG 77.0737585 42.6398488 1614.10
IMG_000037.JPG 77.0737517 42.6398428 1614.10
IMG_000038.JPG 77.0737553 42.6398313 1614.10
IMG_000039.JPG 77.0737617 42.6398200 1614.10
IMG_000040.JPG 77.0737605 42.6398185 1614.10
IMG_000041.JPG 77.0737548 42.6398193 1614.10
IMG_000042.JPG 77.0737433 42.6398108 1614.00
IMG_000043.JPG 77.0737345 42.6398095 1614.00
IMG_000044.JPG 77.0737220 42.6398120 1614.00
IMG_000045.JPG 77.0738185 42.6398965 1616.10
IMG_000046.JPG 77.0738193 42.6398972 1615.70
IMG_000047.JPG 77.0738190 42.6398965 1615.70
IMG_000048.JPG 77.0738192 42.6398953 1615.70
IMG_000049.JPG 77.0738190 42.6398912 1615.60
IMG_000050.JPG 77.0738192 42.6398883 1615.30
IMG_000051.JPG 77.0738180 42.6398853 1615.30
IMG_000052.JPG 77.0738152 42.6398820 1615.30
IMG_000053.JPG 77.0738003 42.6398823 1615.30
IMG_000054.JPG 77.0737962 42.6398817 1615.30
IMG_000055.JPG 77.0737865 42.6398803 1615.20
IMG_000056.JPG 77.0737807 42.6398768 1615.30
IMG_000057.JPG 77.0737900 42.6398748 1612.10
IMG_000058.JPG 77.0737833 42.6398717 1612.00
IMG_000059.JPG 77.0737768 42.6398758 1612.00
IMG_000060.JPG 77.0737455 42.6399018 1611.60
IMG_000061.JPG 77.0737458 42.6399030 1611.40
IMG_000062.JPG 77.0737443 42.6399002 1611.30
IMG_000063.JPG 77.0737493 42.6398985 1611.10
IMG_000064.JPG 77.0737530 42.6398930 1611.10
IMG_000065.JPG 77.0737548 42.6398873 1610.80
IMG_000066.JPG 77.0737515 42.6398838 1610.80
IMG_000067.JPG 77.0737488 42.6398802 1610.70
IMG_000068.JPG 77.0737495 42.6398682 1610.60
IMG_000069.JPG 77.0737462 42.6398630 1610.60
IMG_000070.JPG 77.0737393 42.6398620 1610.60
IMG_000071.JPG 77.0737315 42.6398203 1612.60
IMG_000072.JPG 77.0737317 42.6398200 1612.60
IMG_000073.JPG 77.0737303 42.6398188 1612.60
IMG_000074.JPG 77.0737280 42.6398162 1612.60
IMG_000075.JPG 77.0737247 42.6398130 1612.50
IMG_000076.JPG 77.0737200 42.6398105 1612.40
IMG_000077.JPG 77.0737102 42.6398048 1612.50
IMG_000078.JPG 77.0737063 42.6398015 1612.60
IMG_000079.JPG 77.0737020 42.6397983 1613.20
IMG_000080.JPG 77.0736957 42.6397962 1613.30
IMG_000081.JPG 77.0736903 42.6397938 1613.30
IMG_000082.JPG 77.0736850 42.6397860 1613.30
IMG_000083.JPG 77.0736810 42.6397818 1613.50
IMG_000084.JPG 77.0736737 42.6397792 1613.50
IMG_000085.JPG 77.0736677 42.6397747 1613.60
IMG_000086.JPG 77.0736657 42.6397708 1613.60
IMG_000087.JPG 77.0736547 42.6397658 1613.70
IMG_000088.JPG 77.0736490 42.6397630 1613.70
IMG_000089.JPG 77.0736463 42.6397577 1613.70
IMG_000090.JPG 77.0736448 42.6397522 1613.80
IMG_000091.JPG 77.0736438 42.6397463 1613.80
IMG_000092.JPG 77.0736625 42.6397043 1614.00
IMG_000093.JPG 77.0736635 42.6397027 1614.20
IMG_000094.JPG 77.0736648 42.6396987 1614.40
IMG_000095.JPG 77.0736662 42.6396960 1614.80
IMG_000096.JPG 77.0736683 42.6396928 1614.80
IMG_000097.JPG 77.0736725 42.6396887 1614.60
IMG_000098.JPG 77.0736785 42.6396843 1614.20
IMG_000099.JPG 77.0736847 42.6396748 1614.10
IMG_000100.JPG 77.0736860 42.6396718 1614.10
IMG_000101.JPG 77.0736882 42.6396682 1614.10
IMG_000102.JPG 77.0736858 42.6396610 1614.30
IMG_000103.JPG 77.0736862 42.6396483 1614.30
IMG_000104.JPG 77.0736890 42.6396445 1614.30
IMG_000105.JPG 77.0736877 42.6396388 1614.50
IMG_000106.JPG 77.0736875 42.6396343 1614.50
IMG_000107.JPG 77.0736863 42.6396245 1614.70
IMG_000108.JPG 77.0736862 42.6396193 1614.50
IMG_000109.JPG 77.0736853 42.6396140 1614.50
IMG_000110.JPG 77.0736842 42.6396093 1614.50
IMG_000111.JPG 77.0736815 42.6395990 1614.60
IMG_000112.JPG 77.0736803 42.6395942 1614.50
IMG_000113.JPG 77.0736792 42.6395895 1614.40
IMG_000114.JPG 77.0736770 42.6395855 1614.50
IMG_000115.JPG 77.0736738 42.6395808 1614.50
IMG_000116.JPG 77.0736687 42.6395722 1614.60
IMG_000117.JPG 77.0736660 42.6395675 1614.50
IMG_000118.JPG 77.0736637 42.6395627 1614.40
IMG_000119.JPG 77.0736598 42.6395595 1614.40
IMG_000120.JPG 77.0736558 42.6395567 1614.50
IMG_000121.JPG 77.0736508 42.6395480 1614.30
IMG_000122.JPG 77.0736513 42.6395453 1614.20
IMG_000123.JPG 77.0736497 42.6395445 1614.00
IMG_000124.JPG 77.0736463 42.6395458 1613.80
IMG_000125.JPG 77.0736398 42.6395410 1613.60
IMG_000126.JPG 77.0736333 42.6395385 1613.50
IMG_000127.JPG 77.0736263 42.6395363 1613.50
IMG_000128.JPG 77.0736182 42.6395343 1613.60
IMG_000129.JPG 77.0736163 42.6395312 1613.90
IMG_000130.JPG 77.0736010 42.6395272 1613.90
IMG_000131.JPG 77.0735940 42.6395253 1613.90
IMG_000132.JPG 77.0735882 42.6395232 1614.10
IMG_000133.JPG 77.0735827 42.6395212 1614.20
IMG_000134.JPG 77.0735760 42.6395188 1614.30
IMG_000135.JPG 77.0735625 42.6395140 1614.40
IMG_000136.JPG 77.0736990 42.6397957 1614.10
IMG_000137.JPG 77.0736937 42.6397935 1614.30
IMG_000138.JPG 77.0736872 42.6397893 1615.10
IMG_000139.JPG 77.0736865 42.6397863 1615.10
IMG_000140.JPG 77.0736902 42.6397830 1615.00
IMG_000141.JPG 77.0736938 42.6397790 1614.80
IMG_000142.JPG 77.0737037 42.6397703 1615.00
IMG_000143.JPG 77.0737088 42.6397672 1614.10
IMG_000144.JPG 77.0737132 42.6397630 1613.90
IMG_000145.JPG 77.0737145 42.6397572 1614.10
IMG_000146.JPG 77.0737173 42.6397522 1613.90
IMG_000147.JPG 77.0737233 42.6397460 1613.10
IMG_000148.JPG 77.0737250 42.6397427 1613.20
IMG_000149.JPG 77.0737253 42.6397408 1613.10
IMG_000150.JPG 77.0737258 42.6397370 1613.10
IMG_000151.JPG 77.0737255 42.6397280 1612.70
IMG_000152.JPG 77.0737227 42.6397238 1612.80
IMG_000153.JPG 77.0737192 42.6397197 1613.00
IMG_000154.JPG 77.0737163 42.6397155 1613.10
IMG_000155.JPG 77.0737137 42.6397108 1613.10
IMG_000156.JPG 77.0737065 42.6397037 1613.00
IMG_000157.JPG 77.0737013 42.6397012 1613.40
IMG_000158.JPG 77.0736962 42.6396987 1613.50
IMG_000159.JPG 77.0736920 42.6396952 1613.50
IMG_000160.JPG 77.0736908 42.6396897 1613.50
IMG_000161.JPG 77.0736852 42.6396807 1613.50
IMG_000162.JPG 77.0736815 42.6396765 1613.40
IMG_000163.JPG 77.0736785 42.6396703 1613.50
IMG_000164.JPG 77.0736757 42.6396650 1613.70
IMG_000165.JPG 77.0736743 42.6396592 1613.90
IMG_000166.JPG 77.0736730 42.6396547 1613.80
IMG_000167.JPG 77.0736708 42.6396448 1613.50
IMG_000168.JPG 77.0736698 42.6396400 1613.40
IMG_000169.JPG 77.0736685 42.6396348 1613.40
IMG_000170.JPG 77.0736673 42.6396293 1613.40
IMG_000171.JPG 77.0736658 42.6396240 1613.50
IMG_000172.JPG 77.0736600 42.6396155 1613.60
IMG_000173.JPG 77.0736580 42.6396110 1614.00
IMG_000174.JPG 77.0736560 42.6396067 1614.00
IMG_000175.JPG 77.0736540 42.6396022 1614.00
IMG_000176.JPG 77.0736522 42.6395975 1614.10
IMG_000177.JPG 77.0736485 42.6395872 1614.20
IMG_000178.JPG 77.0736472 42.6395818 1614.20
IMG_000179.JPG 77.0736450 42.6395770 1614.30
IMG_000180.JPG 77.0736437 42.6395717 1614.30
IMG_000181.JPG 77.0736423 42.6395663 1614.20
IMG_000182.JPG 77.0736398 42.6395562 1614.30
IMG_000183.JPG 77.0736378 42.6395508 1614.30
IMG_000184.JPG 77.0736367 42.6395455 1614.30
IMG_000185.JPG 77.0736353 42.6395402 1614.30
IMG_000186.JPG 77.0736342 42.6395352 1614.30
IMG_000187.JPG 77.0736327 42.6395245 1614.20
IMG_000188.JPG 77.0736317 42.6395195 1614.10
IMG_000189.JPG 77.0736302 42.6395143 1614.10
IMG_000190.JPG 77.0736292 42.6395093 1614.10
IMG_000191.JPG 77.0736620 42.6394910 1613.30
IMG_000192.JPG 77.0736637 42.6394948 1613.30
IMG_000193.JPG 77.0736663 42.6394982 1613.50
IMG_000194.JPG 77.0736700 42.6395070 1612.60
IMG_000195.JPG 77.0736713 42.6395105 1612.70
IMG_000196.JPG 77.0736732 42.6395143 1612.60
IMG_000197.JPG 77.0736748 42.6395190 1612.60
IMG_000198.JPG 77.0736762 42.6395240 1612.60
IMG_000199.JPG 77.0736825 42.6395323 1612.90
IMG_000200.JPG 77.0736855 42.6395353 1613.20
IMG_000201.JPG 77.0736863 42.6395383 1613.40
IMG_000202.JPG 77.0736878 42.6395423 1613.60
IMG_000203.JPG 77.0736880 42.6395465 1613.60
IMG_000204.JPG 77.0736897 42.6395545 1613.80
IMG_000205.JPG 77.0736913 42.6395583 1613.90
IMG_000206.JPG 77.0736935 42.6395623 1614.00
IMG_000207.JPG 77.0736952 42.6395673 1614.00
IMG_000208.JPG 77.0736963 42.6395727 1613.90
IMG_000209.JPG 77.0736975 42.6395812 1613.90
IMG_000210.JPG 77.0736985 42.6395853 1614.00
IMG_000211.JPG 77.0736997 42.6395900 1614.10
IMG_000212.JPG 77.0737010 42.6395950 1614.20
IMG_000213.JPG 77.0737022 42.6395993 1614.20
IMG_000214.JPG 77.0737048 42.6396092 1614.30
IMG_000215.JPG 77.0737042 42.6396103 1614.40
IMG_000216.JPG 77.0737047 42.6396135 1614.50
IMG_000217.JPG 77.0737060 42.6396188 1614.40
IMG_000218.JPG 77.0737060 42.6396252 1614.30
IMG_000219.JPG 77.0737120 42.6396333 1614.50
IMG_000220.JPG 77.0737142 42.6396392 1614.40
IMG_000221.JPG 77.0737160 42.6396440 1614.40
IMG_000222.JPG 77.0737183 42.6396488 1614.40
IMG_000223.JPG 77.0737208 42.6396597 1614.30
IMG_000224.JPG 77.0737248 42.6396618 1614.30
IMG_000225.JPG 77.0737283 42.6396648 1614.40
IMG_000226.JPG 77.0737325 42.6396668 1614.00
IMG_000227.JPG 77.0737348 42.6396717 1613.90
IMG_000228.JPG 77.0737358 42.6396780 1613.80
IMG_000229.JPG 77.0737372 42.6396887 1613.70
IMG_000230.JPG 77.0737377 42.6396943 1613.70
IMG_000231.JPG 77.0737387 42.6396990 1613.70
IMG_000232.JPG 77.0737395 42.6397035 1613.70
IMG_000233.JPG 77.0737407 42.6397093 1613.60
IMG_000234.JPG 77.0737455 42.6397178 1613.60
IMG_000235.JPG 77.0737487 42.6397207 1614.00
IMG_000236.JPG 77.0737500 42.6397243 1614.20
IMG_000237.JPG 77.0737508 42.6397285 1614.20
IMG_000238.JPG 77.0737515 42.6397345 1614.30
IMG_000239.JPG 77.0737532 42.6397473 1614.10
IMG_000240.JPG 77.0737552 42.6397525 1614.00
IMG_000241.JPG 77.0737565 42.6397582 1613.80
IMG_000242.JPG 77.0737580 42.6397635 1613.80
IMG_000243.JPG 77.0737597 42.6397687 1613.80
IMG_000244.JPG 77.0737650 42.6397797 1613.80
IMG_000245.JPG 77.0737667 42.6397852 1614.00
IMG_000246.JPG 77.0737702 42.6397873 1613.50
IMG_000247.JPG 77.0738175 42.6397800 1613.30
IMG_000248.JPG 77.0738228 42.6397815 1613.40
IMG_000249.JPG 77.0738180 42.6397810 1613.10
IMG_000250.JPG 77.0738147 42.6397810 1613.10
IMG_000251.JPG 77.0738117 42.6397795 1613.10
IMG_000252.JPG 77.0738103 42.6397787 1613.00
IMG_000253.JPG 77.0738088 42.6397783 1613.00
IMG_000254.JPG 77.0738007 42.6397808 1613.00
IMG_000255.JPG 77.0737967 42.6397837 1613.10
IMG_000256.JPG 77.0737913 42.6397885 1613.10
IMG_000257.JPG 77.0737842 42.6397883 1613.10
IMG_000258.JPG 77.0737812 42.6397888 1613.00
IMG_000259.JPG 77.0737723 42.6398058 1613.10
IMG_000260.JPG 77.0737685 42.6398117 1613.10
IMG_000261.JPG 77.0737608 42.6398172 1613.10
IMG_000262.JPG 77.0737530 42.6398215 1613.10
IMG_000263.JPG 77.0737487 42.6398227 1613.10
IMG_000264.JPG 77.0737453 42.6398242 1613.10
IMG_000265.JPG 77.0737422 42.6398260 1613.20
IMG_000266.JPG 77.0737428 42.6398263 1613.20
IMG_000267.JPG 77.0737375 42.6398277 1613.30
IMG_000268.JPG 77.0737343 42.6398303 1613.30
IMG_000269.JPG 77.0737232 42.6398422 1613.30
IMG_000270.JPG 77.0737203 42.6398423 1613.30
IMG_000271.JPG 77.0737182 42.6398428 1613.40
IMG_000272.JPG 77.0737125 42.6398433 1613.40
IMG_000273.JPG 77.0737097 42.6398438 1613.50
IMG_000274.JPG 77.0737023 42.6398440 1613.50
IMG_000275.JPG 77.0736955 42.6398405 1613.60
IMG_000276.JPG 77.0736913 42.6398330 1613.70
IMG_000277.JPG 77.0736902 42.6398333 1613.80
IMG_000278.JPG 77.0736878 42.6398298 1613.80
IMG_000279.JPG 77.0736752 42.6398298 1613.90
IMG_000280.JPG 77.0736683 42.6398265 1613.80
IMG_000281.JPG 77.0736623 42.6398248 1613.80
IMG_000282.JPG 77.0736572 42.6398268 1613.80
IMG_000283.JPG 77.0736518 42.6398283 1613.80
IMG_000284.JPG 77.0736347 42.6398320 1613.80
IMG_000285.JPG 77.0736298 42.6398302 1613.70
IMG_000286.JPG 77.0736277 42.6398265 1613.70
IMG_000287.JPG 77.0736245 42.6398277 1613.70
IMG_000288.JPG 77.0736163 42.6398277 1613.60
IMG_000289.JPG 77.0736122 42.6398262 1613.60
IMG_000290.JPG 77.0736095 42.6398230 1613.60
IMG_000291.JPG 77.0736070 42.6398197 1613.60
IMG_000292.JPG 77.0736040 42.6398155 1613.60
IMG_000293.JPG 77.0735990 42.6398145 1613.50
IMG_000294.JPG 77.0736023 42.6398072 1613.50
IMG_000295.JPG 77.0735987 42.6398028 1613.50
IMG_000296.JPG 77.0735922 42.6398003 1613.40
IMG_000297.JPG 77.0735868 42.6397978 1613.40
IMG_000298.JPG 77.0735835 42.6397937 1613.30
IMG_000299.JPG 77.0735808 42.6397897 1613.40
IMG_000300.JPG 77.0735752 42.6397805 1613.20
IMG_000301.JPG 77.0735718 42.6397757 1613.30
IMG_000302.JPG 77.0735697 42.6397700 1613.20
IMG_000303.JPG 77.0735673 42.6397642 1613.10
IMG_000304.JPG 77.0735650 42.6397587 1613.00
IMG_000305.JPG 77.0735605 42.6397495 1613.10
IMG_000306.JPG 77.0735582 42.6397445 1613.10
IMG_000307.JPG 77.0735552 42.6397412 1613.00
IMG_000308.JPG 77.0735533 42.6397362 1612.80
IMG_000309.JPG 77.0735512 42.6397303 1612.70
IMG_000310.JPG 77.0735462 42.6397205 1612.60
IMG_000311.JPG 77.0735443 42.6397160 1612.50
IMG_000312.JPG 77.0735413 42.6397118 1612.50
IMG_000313.JPG 77.0735373 42.6397077 1612.70
IMG_000314.JPG 77.0735345 42.6397040 1612.60
IMG_000315.JPG 77.0735320 42.6397003 1612.70
IMG_000316.JPG 77.0735270 42.6396928 1612.80
IMG_000317.JPG 77.0735238 42.6396892 1612.90
IMG_000318.JPG 77.0735210 42.6396855 1612.80
IMG_000319.JPG 77.0735178 42.6396823 1612.80
IMG_000320.JPG 77.0735142 42.6396792 1612.70
IMG_000321.JPG 77.0735088 42.6396712 1612.50
IMG_000322.JPG 77.0735053 42.6396673 1612.70
IMG_000323.JPG 77.0735018 42.6396638 1612.70
IMG_000324.JPG 77.0734983 42.6396605 1612.80
IMG_000325.JPG 77.0734953 42.6396567 1612.80
IMG_000326.JPG 77.0734898 42.6396487 1612.90
IMG_000327.JPG 77.0734867 42.6396450 1612.90
IMG_000328.JPG 77.0734833 42.6396412 1612.80
IMG_000329.JPG 77.0734803 42.6396373 1612.80
IMG_000330.JPG 77.0734780 42.6396323 1612.60
IMG_000331.JPG 77.0734742 42.6396283 1612.90
IMG_000332.JPG 77.0734677 42.6396200 1612.90
IMG_000333.JPG 77.0734648 42.6396157 1612.90
IMG_000334.JPG 77.0734618 42.6396113 1612.90
IMG_000335.JPG 77.0734572 42.6396080 1612.90
IMG_000336.JPG 77.0734515 42.6396057 1612.90
IMG_000337.JPG 77.0734468 42.6395970 1612.80
IMG_000338.JPG 77.0734422 42.6395940 1612.60
IMG_000339.JPG 77.0734377 42.6395910 1612.50
IMG_000340.JPG 77.0734358 42.6395865 1612.60
IMG_000341.JPG 77.0734338 42.6395823 1612.70
IMG_000342.JPG 77.0734293 42.6395790 1612.60
IMG_000343.JPG 77.0734207 42.6395717 1612.50
IMG_000344.JPG 77.0734193 42.6395675 1612.50
IMG_000345.JPG 77.0734168 42.6395637 1612.50
IMG_000346.JPG 77.0734110 42.6395602 1612.50
IMG_000347.JPG 77.0734050 42.6395580 1612.50
IMG_000348.JPG 77.0734017 42.6395558 1612.50
IMG_000349.JPG 77.0733990 42.6395535 1612.50
IMG_000350.JPG 77.0734187 42.6395200 1612.80
IMG_000351.JPG 77.0734202 42.6395188 1613.00
IMG_000352.JPG 77.0734240 42.6395170 1613.20
IMG_000353.JPG 77.0734260 42.6395155 1613.40
IMG_000354.JPG 77.0734278 42.6395137 1613.60
IMG_000355.JPG 77.0734318 42.6395118 1613.50
IMG_000356.JPG 77.0734350 42.6395098 1613.40
IMG_000357.JPG 77.0734377 42.6395045 1613.70
IMG_000358.JPG 77.0734387 42.6395003 1613.80
IMG_000359.JPG 77.0734393 42.6394965 1613.80
IMG_000360.JPG 77.0734388 42.6394923 1613.80
IMG_000361.JPG 77.0734385 42.6394882 1613.60
IMG_000362.JPG 77.0734368 42.6394808 1613.50
